First experiment with mutants
seed: french75
save figures of mutants. 256, 190 - most similar

[(0, 1002, 1.0), (0, 1001, 1.0), (0, 1000, 1.0), (0, 0, 1.0), (0, 1008, 0.9163440567773804), (0, 1003, 0.9129057524110072), (0, 1009, 0.850916603019544), (0, 1005, 0.8457115875760396), (0, 1004, 0.7346533976149522), (0, 1007, 0.6882122982793265), (0, 1006, 0.6835592666243911), (0, 256, 0.17421879812577007), (0, 190, 0.15850777767942834), (0, 595, 0.1557700412551876), (0, 902, 0.15380527985160594), (0, 439, 0.15354627691724035), (0, 720, 0.15022718659307893), (0, 467, 0.1494092014801858), (0, 264, 0.1477872774526245), (0, 45, 0.14745991229091535), (0, 286, 0.14673250620684117), (0, 809, 0.14601078798979877), (0, 916, 0.1458940303021073), (0, 248, 0.14502664838216275), (0, 619, 0.14500683571414305), (0, 33, 0.14487473760879616), (0, 378, 0.1447236267529601), (0, 618, 0.14419700602939833), (0, 755, 0.14380320708664895), (0, 844, 0.14250722933060492), (0, 108, 0.14220728868817664), (0, 1, 0.14188515399663726), (0, 792, 0.14079555992709236), (0, 314, 0.1406844032645306), (0, 616, 0.13992385522940987), (0, 804, 0.13978473802830338), (0, 321, 0.13878910103355474), (0, 214, 0.13835293111519284), (0, 498, 0.13758785699233922), (0, 773, 0.13730599033243515), (0, 622, 0.13727270656337764), (0, 663, 0.1370260195798663), (0, 893, 0.13651517421753936), (0, 236, 0.13627730376907413), (0, 922, 0.13576864173185924), (0, 775, 0.13522191085884422), (0, 247, 0.1350989421527557), (0, 2, 0.13500090531798678), (0, 54, 0.13490229647553198),


2, 0.06702980096982734), (0, 3919, 0.06701692642546625), (0, 6607, 0.06599050482262765), (0, 992, 0.06597222112825371), (0, 5033, 0.065584655117685), (0, 3652, 0.06396451269315533), (0, 9236, 0.06363866456067861), (0, 8843, 0.06363200650281382), (0, 8707, 0.06302238832411394), (0, 8875, 0.06255622432014256), (0, 3489, 0.06092454218230473), (0, 8040, 0.05998028013936798), (0, 1746, 0.05877284760991792)]

least similar plot some of these.


No mutants experiment
most siilar
[(0, 0, 1.0), (0, 256, 0.18035340952466739), (0, 7017, 0.17646769979439078), (0, 8341, 0.16290358344993278), (0, 1380, 0.1622699508210882), (0, 4997, 0.16084023109399131), (0, 5462, 0.1600617186900974), (0, 6648, 0.15837801475804886), (0, 2298, 0.15754781401164794), (0, 595, 0.15656062881827457), (0, 190, 0.1562432729067786), (0, 7383, 0.15612761628430014), (0, 1904, 0.15601913652459654), (0, 6768, 0.154194966602653), (0, 2414, 0.15397693639138102), (0, 4424, 0.15393355554760418), (0, 2680, 0.15388236990078447), (0, 8246, 0.15313843787547715), (0, 3783,


least similar
 2461, 0.07102992387345217), (0, 8013, 0.07102399612653959), (0, 4092, 0.07100312293450638), (0, 5299, 0.07081827745043438), (0, 1407, 0.07077785715989007), (0, 4574, 0.07077010204773218), (0, 7001, 0.07006332974158472), (0, 1526, 0.06982779650452788), (0, 7799, 0.06982351832811277), (0, 8567, 0.06950287213342006), (0, 7287, 0.06943795604425486), (0, 8248, 0.0693361697134479), (0, 5113, 0.06897238222040004), (0, 2588, 0.06895815636485028), (0, 6978, 0.06891697332549625), (0, 3758, 0.06880010229380637), (0, 128, 0.06874300881461637), (0, 719, 0.06835820424217515), (0, 3548, 0.0681489800283676), (0, 7160, 0.06798727650947915), (0, 6719, 0.06794518873580593), (0, 8403, 0.06775929658973352), (0, 2294, 0.06724354165532687), (0, 8842, 0.06704925641822133), (0, 5204, 0.06680145933424651), (0, 8002, 0.066695771746787), (0, 3919, 0.06667058127212931), (0, 992, 0.06568153761606356), (0, 6607, 0.06566717874950471), (0, 5033, 0.06522438889288515), (0, 3652, 0.06365354233507413), (0, 8843, 0.0632982414624761), (0, 9236, 0.06329695376584817), (0, 8707, 0.0626797301644104), (0, 8875, 0.06223021265354358), (0, 3489, 0.060629966275140605), (0, 8040, 0.05966242713196385), (0, 1746, 0.058444091234160896)]
